512 2 l 512 2 l 1024 8 l 1.3587 0.0107 0.0032 0.0408
512 2 c 512 2 l 1024 8 l 1.3594 0.0106 0.0032 0.0410
512 2 l 512 2 c 1024 8 l 1.3587 0.0107 0.0032 0.0409
512 2 c 512 2 c 1024 8 l 1.3594 0.0106 0.0032 0.0411
512 2 l 512 2 l 1024 8 c 1.2051 0.0107 0.0032 0.3290
512 2 c 512 2 l 1024 8 c 1.2104 0.0106 0.0032 0.3213
512 2 l 512 2 c 1024 8 c 1.2112 0.0107 0.0032 0.3164
512 2 c 512 2 c 1024 8 c 1.2165 0.0106 0.0032 0.3087
256 4 l 512 2 l 1024 8 l 1.4000 0.0065 0.0032 0.0617
256 4 c 512 2 l 1024 8 l 1.2078 0.0271 0.0032 0.0175
256 4 l 512 2 c 1024 8 l 1.4000 0.0065 0.0032 0.0618
256 4 c 512 2 c 1024 8 l 1.2078 0.0271 0.0032 0.0175
256 4 l 512 2 l 1024 8 c 1.3212 0.0065 0.0032 0.2909
256 4 c 512 2 l 1024 8 c 1.1412 0.0271 0.0032 0.0883
256 4 l 512 2 c 1024 8 c 1.3215 0.0065 0.0032 0.2905
256 4 c 512 2 c 1024 8 c 1.1415 0.0271 0.0032 0.0881
128 8 l 512 2 l 1024 8 l 1.4100 0.0054 0.0032 0.0714
128 8 c 512 2 l 1024 8 l 1.2411 0.0229 0.0032 0.0205
128 8 l 512 2 c 1024 8 l 1.4099 0.0054 0.0032 0.0716
128 8 c 512 2 c 1024 8 l 1.2411 0.0229 0.0032 0.0205
128 8 l 512 2 l 1024 8 c 1.3389 0.0054 0.0032 0.3129
128 8 c 512 2 l 1024 8 c 1.1887 0.0229 0.0032 0.0867
128 8 l 512 2 c 1024 8 c 1.3392 0.0054 0.0032 0.3123
128 8 c 512 2 c 1024 8 c 1.1890 0.0229 0.0032 0.0865
1024 2 l 512 2 l 1024 8 l 1.4264 0.0039 0.0032 0.0896
1024 2 c 512 2 l 1024 8 l 1.4265 0.0039 0.0032 0.0898
1024 2 l 512 2 c 1024 8 l 1.4264 0.0039 0.0032 0.0899
1024 2 c 512 2 c 1024 8 l 1.4265 0.0039 0.0032 0.0900
1024 2 l 512 2 l 1024 8 c 1.2448 0.0039 0.0032 0.7803
1024 2 c 512 2 l 1024 8 c 1.2460 0.0039 0.0032 0.7797
1024 2 l 512 2 c 1024 8 c 1.2454 0.0039 0.0032 0.7792
1024 2 c 512 2 c 1024 8 c 1.2465 0.0039 0.0032 0.7788
512 4 l 512 2 l 1024 8 l 1.4484 0.0019 0.0032 0.1396
512 4 c 512 2 l 1024 8 l 1.3594 0.0106 0.0032 0.0410
512 4 l 512 2 c 1024 8 l 1.4484 0.0019 0.0032 0.1399
512 4 c 512 2 c 1024 8 l 1.3594 0.0106 0.0032 0.0411
512 4 l 512 2 l 1024 8 c 1.3823 0.0019 0.0032 0.5838
512 4 c 512 2 l 1024 8 c 1.2104 0.0106 0.0032 0.3213
512 4 l 512 2 c 1024 8 c 1.3827 0.0019 0.0032 0.5821
512 4 c 512 2 c 1024 8 c 1.2165 0.0106 0.0032 0.3087
256 8 l 512 2 l 1024 8 l 1.4514 0.0016 0.0032 0.1505
256 8 c 512 2 l 1024 8 l 1.3998 0.0066 0.0032 0.0611
256 8 l 512 2 c 1024 8 l 1.4514 0.0016 0.0032 0.1508
256 8 c 512 2 c 1024 8 l 1.3998 0.0066 0.0032 0.0612
256 8 l 512 2 l 1024 8 c 1.3976 0.0016 0.0032 0.5640
256 8 c 512 2 l 1024 8 c 1.3290 0.0066 0.0032 0.2698
256 8 l 512 2 c 1024 8 c 1.3982 0.0016 0.0032 0.5610
256 8 c 512 2 c 1024 8 c 1.3289 0.0066 0.0032 0.2701
2048 2 l 512 2 l 1024 8 l 1.4565 0.0011 0.0032 0.1679
2048 2 c 512 2 l 1024 8 l 1.4565 0.0011 0.0032 0.1682
2048 2 l 512 2 c 1024 8 l 1.4565 0.0011 0.0032 0.1682
2048 2 c 512 2 c 1024 8 l 1.4565 0.0011 0.0032 0.1686
2048 2 l 512 2 l 1024 8 c 1.4117 0.0011 0.0032 0.5936
2048 2 c 512 2 l 1024 8 c 1.4121 0.0011 0.0032 0.5932
2048 2 l 512 2 c 1024 8 c 1.4124 0.0011 0.0032 0.5907
2048 2 c 512 2 c 1024 8 c 1.4128 0.0011 0.0032 0.5899
1024 4 l 512 2 l 1024 8 l 1.4604 0.0008 0.0032 0.1897
1024 4 c 512 2 l 1024 8 l 1.4265 0.0039 0.0032 0.0898
1024 4 l 512 2 c 1024 8 l 1.4604 0.0008 0.0032 0.1901
1024 4 c 512 2 c 1024 8 l 1.4265 0.0039 0.0032 0.0900
1024 4 l 512 2 l 1024 8 c 1.4355 0.0008 0.0032 0.5403
1024 4 c 512 2 l 1024 8 c 1.2460 0.0039 0.0032 0.7797
1024 4 l 512 2 c 1024 8 c 1.4361 0.0008 0.0032 0.5370
1024 4 c 512 2 c 1024 8 c 1.2465 0.0039 0.0032 0.7788
512 8 l 512 2 l 1024 8 l 1.4630 0.0006 0.0032 0.1952
512 8 c 512 2 l 1024 8 l 1.4479 0.0020 0.0032 0.1378
512 8 l 512 2 c 1024 8 l 1.4630 0.0006 0.0032 0.1958
512 8 c 512 2 c 1024 8 l 1.4479 0.0020 0.0032 0.1381
512 8 l 512 2 l 1024 8 c 1.4466 0.0006 0.0032 0.5114
512 8 c 512 2 l 1024 8 c 1.3847 0.0020 0.0032 0.5592
512 8 l 512 2 c 1024 8 c 1.4471 0.0006 0.0032 0.5091
512 8 c 512 2 c 1024 8 c 1.3852 0.0020 0.0032 0.5580
512 2 l 256 4 l 1024 8 l 1.3616 0.0107 0.0019 0.0423
512 2 c 256 4 l 1024 8 l 1.3623 0.0106 0.0019 0.0426
512 2 l 256 4 c 1024 8 l 1.3460 0.0107 0.0086 0.0339
512 2 c 256 4 c 1024 8 l 1.3466 0.0106 0.0086 0.0341
512 2 l 256 4 l 1024 8 c 1.2153 0.0107 0.0019 0.3297
512 2 c 256 4 l 1024 8 c 1.2210 0.0106 0.0019 0.3211
512 2 l 256 4 c 1024 8 c 1.2091 0.0107 0.0086 0.2512
512 2 c 256 4 c 1024 8 c 1.2145 0.0106 0.0086 0.2444
256 4 l 256 4 l 1024 8 l 1.4031 0.0065 0.0019 0.0657
256 4 c 256 4 l 1024 8 l 1.2098 0.0271 0.0019 0.0177
256 4 l 256 4 c 1024 8 l 1.3861 0.0065 0.0086 0.0476
256 4 c 256 4 c 1024 8 l 1.1984 0.0271 0.0086 0.0160
256 4 l 256 4 l 1024 8 c 1.3254 0.0065 0.0019 0.3120
256 4 c 256 4 l 1024 8 c 1.1463 0.0271 0.0019 0.0879
256 4 l 256 4 c 1024 8 c 1.3064 0.0065 0.0086 0.2285
256 4 c 256 4 c 1024 8 c 1.1192 0.0271 0.0086 0.0928
128 8 l 256 4 l 1024 8 l 1.4131 0.0054 0.0019 0.0769
128 8 c 256 4 l 1024 8 l 1.2433 0.0229 0.0019 0.0208
128 8 l 256 4 c 1024 8 l 1.3957 0.0054 0.0086 0.0532
128 8 c 256 4 c 1024 8 l 1.2308 0.0229 0.0086 0.0185
128 8 l 256 4 l 1024 8 c 1.3444 0.0054 0.0019 0.3366
128 8 c 256 4 l 1024 8 c 1.1943 0.0229 0.0019 0.0861
128 8 l 256 4 c 1024 8 c 1.3248 0.0054 0.0086 0.2360
128 8 c 256 4 c 1024 8 c 1.1760 0.0229 0.0086 0.0820
1024 2 l 256 4 l 1024 8 l 1.4298 0.0039 0.0019 0.0983
1024 2 c 256 4 l 1024 8 l 1.4299 0.0039 0.0019 0.0985
1024 2 l 256 4 c 1024 8 l 1.4116 0.0039 0.0086 0.0630
1024 2 c 256 4 c 1024 8 l 1.4117 0.0039 0.0086 0.0631
1024 2 l 256 4 l 1024 8 c 1.2473 0.0039 0.0019 0.8742
1024 2 c 256 4 l 1024 8 c 1.2484 0.0039 0.0019 0.8739
1024 2 l 256 4 c 1024 8 c 1.2552 0.0039 0.0086 0.4843
1024 2 c 256 4 c 1024 8 c 1.2564 0.0039 0.0086 0.4828
512 4 l 256 4 l 1024 8 l 1.4519 0.0019 0.0019 0.1630
512 4 c 256 4 l 1024 8 l 1.3623 0.0106 0.0019 0.0426
512 4 l 256 4 c 1024 8 l 1.4331 0.0019 0.0086 0.0846
512 4 c 256 4 c 1024 8 l 1.3466 0.0106 0.0086 0.0341
512 4 l 256 4 l 1024 8 c 1.3870 0.0019 0.0019 0.6936
512 4 c 256 4 l 1024 8 c 1.2210 0.0106 0.0019 0.3211
512 4 l 256 4 c 1024 8 c 1.3709 0.0019 0.0086 0.3354
512 4 c 256 4 c 1024 8 c 1.2145 0.0106 0.0086 0.2444
256 8 l 256 4 l 1024 8 l 1.4550 0.0016 0.0019 0.1779
256 8 c 256 4 l 1024 8 l 1.4030 0.0066 0.0019 0.0650
256 8 l 256 4 c 1024 8 l 1.4360 0.0016 0.0086 0.0884
256 8 c 256 4 c 1024 8 l 1.3859 0.0066 0.0086 0.0471
256 8 l 256 4 l 1024 8 c 1.4027 0.0016 0.0019 0.6787
256 8 c 256 4 l 1024 8 c 1.3341 0.0066 0.0019 0.2871
256 8 l 256 4 c 1024 8 c 1.3866 0.0016 0.0086 0.3083
256 8 c 256 4 c 1024 8 c 1.3142 0.0066 0.0086 0.2118
2048 2 l 256 4 l 1024 8 l 1.4600 0.0011 0.0019 0.2052
2048 2 c 256 4 l 1024 8 l 1.4599 0.0011 0.0019 0.2056
2048 2 l 256 4 c 1024 8 l 1.4410 0.0011 0.0086 0.0935
2048 2 c 256 4 c 1024 8 l 1.4410 0.0011 0.0086 0.0937
2048 2 l 256 4 l 1024 8 c 1.4173 0.0011 0.0019 0.7318
2048 2 c 256 4 l 1024 8 c 1.4176 0.0011 0.0019 0.7316
2048 2 l 256 4 c 1024 8 c 1.4007 0.0011 0.0086 0.3017
2048 2 c 256 4 c 1024 8 c 1.4011 0.0011 0.0086 0.3012
1024 4 l 256 4 l 1024 8 l 1.4639 0.0008 0.0019 0.2377
1024 4 c 256 4 l 1024 8 l 1.4299 0.0039 0.0019 0.0985
1024 4 l 256 4 c 1024 8 l 1.4446 0.0008 0.0086 0.1004
1024 4 c 256 4 c 1024 8 l 1.4117 0.0039 0.0086 0.0631
1024 4 l 256 4 l 1024 8 c 1.4414 0.0008 0.0019 0.6799
1024 4 c 256 4 l 1024 8 c 1.2484 0.0039 0.0019 0.8739
1024 4 l 256 4 c 1024 8 c 1.4235 0.0008 0.0086 0.2555
1024 4 c 256 4 c 1024 8 c 1.2564 0.0039 0.0086 0.4828
512 8 l 256 4 l 1024 8 l 1.4664 0.0006 0.0019 0.2497
512 8 c 256 4 l 1024 8 l 1.4515 0.0020 0.0019 0.1603
512 8 l 256 4 c 1024 8 l 1.4472 0.0006 0.0086 0.1007
512 8 c 256 4 c 1024 8 l 1.4326 0.0020 0.0086 0.0839
512 8 l 256 4 l 1024 8 c 1.4528 0.0006 0.0019 0.6524
512 8 c 256 4 l 1024 8 c 1.3896 0.0020 0.0019 0.6626
512 8 l 256 4 c 1024 8 c 1.4339 0.0006 0.0086 0.2335
512 8 c 256 4 c 1024 8 c 1.3733 0.0020 0.0086 0.3235
512 2 l 128 8 l 1024 8 l 1.3630 0.0107 0.0014 0.0429
512 2 c 128 8 l 1024 8 l 1.3637 0.0106 0.0014 0.0431
512 2 l 128 8 c 1024 8 l 1.3512 0.0107 0.0061 0.0367
512 2 c 128 8 c 1024 8 l 1.3518 0.0106 0.0061 0.0369
512 2 l 128 8 l 1024 8 c 1.2184 0.0107 0.0014 0.3331
512 2 c 128 8 l 1024 8 c 1.2246 0.0106 0.0014 0.3237
512 2 l 128 8 c 1024 8 c 1.2057 0.0107 0.0061 0.2852
512 2 c 128 8 c 1024 8 c 1.2107 0.0106 0.0061 0.2791
256 4 l 128 8 l 1024 8 l 1.4047 0.0065 0.0014 0.0672
256 4 c 128 8 l 1024 8 l 1.2108 0.0271 0.0014 0.0177
256 4 l 128 8 c 1024 8 l 1.3920 0.0065 0.0061 0.0533
256 4 c 128 8 c 1024 8 l 1.2018 0.0271 0.0061 0.0165
256 4 l 128 8 l 1024 8 c 1.3305 0.0065 0.0014 0.3133
256 4 c 128 8 l 1024 8 c 1.1448 0.0271 0.0014 0.0909
256 4 l 128 8 c 1024 8 c 1.3129 0.0065 0.0061 0.2549
256 4 c 128 8 c 1024 8 c 1.1348 0.0271 0.0061 0.0860
128 8 l 128 8 l 1024 8 l 1.4147 0.0054 0.0014 0.0791
128 8 c 128 8 l 1024 8 l 1.2445 0.0229 0.0014 0.0209
128 8 l 128 8 c 1024 8 l 1.4018 0.0054 0.0061 0.0606
128 8 c 128 8 c 1024 8 l 1.2349 0.0229 0.0061 0.0193
128 8 l 128 8 l 1024 8 c 1.3481 0.0054 0.0014 0.3430
128 8 c 128 8 l 1024 8 c 1.1977 0.0229 0.0014 0.0850
128 8 l 128 8 c 1024 8 c 1.3322 0.0054 0.0061 0.2652
128 8 c 128 8 c 1024 8 c 1.1806 0.0229 0.0061 0.0851
1024 2 l 128 8 l 1024 8 l 1.4314 0.0039 0.0014 0.1020
1024 2 c 128 8 l 1024 8 l 1.4316 0.0039 0.0014 0.1022
1024 2 l 128 8 c 1024 8 l 1.4179 0.0039 0.0061 0.0734
1024 2 c 128 8 c 1024 8 l 1.4180 0.0039 0.0061 0.0734
1024 2 l 128 8 l 1024 8 c 1.2501 0.0039 0.0014 0.9118
1024 2 c 128 8 l 1024 8 c 1.2512 0.0039 0.0014 0.9115
1024 2 l 128 8 c 1024 8 c 1.2534 0.0039 0.0061 0.5852
1024 2 c 128 8 c 1024 8 c 1.2545 0.0039 0.0061 0.5840
512 4 l 128 8 l 1024 8 l 1.4537 0.0019 0.0014 0.1745
512 4 c 128 8 l 1024 8 l 1.3637 0.0106 0.0014 0.0431
512 4 l 128 8 c 1024 8 l 1.4396 0.0019 0.0061 0.1044
512 4 c 128 8 c 1024 8 l 1.3518 0.0106 0.0061 0.0369
512 4 l 128 8 l 1024 8 c 1.3905 0.0019 0.0014 0.7438
512 4 c 128 8 l 1024 8 c 1.2246 0.0106 0.0014 0.3237
512 4 l 128 8 c 1024 8 c 1.3774 0.0019 0.0061 0.4129
512 4 c 128 8 c 1024 8 c 1.2107 0.0106 0.0061 0.2791
256 8 l 128 8 l 1024 8 l 1.4567 0.0016 0.0014 0.1922
256 8 c 128 8 l 1024 8 l 1.4045 0.0066 0.0014 0.0665
256 8 l 128 8 c 1024 8 l 1.4426 0.0016 0.0061 0.1105
256 8 c 128 8 c 1024 8 l 1.3919 0.0066 0.0061 0.0528
256 8 l 128 8 l 1024 8 c 1.4059 0.0016 0.0014 0.7341
256 8 c 128 8 l 1024 8 c 1.3391 0.0066 0.0014 0.2881
256 8 l 128 8 c 1024 8 c 1.3930 0.0016 0.0061 0.3858
256 8 c 128 8 c 1024 8 c 1.3203 0.0066 0.0061 0.2374
2048 2 l 128 8 l 1024 8 l 1.4616 0.0011 0.0014 0.2255
2048 2 c 128 8 l 1024 8 l 1.4616 0.0011 0.0014 0.2259
2048 2 l 128 8 c 1024 8 l 1.4476 0.0011 0.0061 0.1194
2048 2 c 128 8 c 1024 8 l 1.4476 0.0011 0.0061 0.1196
2048 2 l 128 8 l 1024 8 c 1.4208 0.0011 0.0014 0.8012
2048 2 c 128 8 l 1024 8 c 1.4212 0.0011 0.0014 0.8011
2048 2 l 128 8 c 1024 8 c 1.4075 0.0011 0.0061 0.3823
2048 2 c 128 8 c 1024 8 c 1.4078 0.0011 0.0061 0.3819
1024 4 l 128 8 l 1024 8 l 1.4655 0.0008 0.0014 0.2658
1024 4 c 128 8 l 1024 8 l 1.4316 0.0039 0.0014 0.1022
1024 4 l 128 8 c 1024 8 l 1.4514 0.0008 0.0061 0.1302
1024 4 c 128 8 c 1024 8 l 1.4180 0.0039 0.0061 0.0734
1024 4 l 128 8 l 1024 8 c 1.4449 0.0008 0.0014 0.7602
1024 4 c 128 8 l 1024 8 c 1.2512 0.0039 0.0014 0.9115
1024 4 l 128 8 c 1024 8 c 1.4308 0.0008 0.0061 0.3277
1024 4 c 128 8 c 1024 8 c 1.2545 0.0039 0.0061 0.5840
512 8 l 128 8 l 1024 8 l 1.4681 0.0006 0.0014 0.2817
512 8 c 128 8 l 1024 8 l 1.4532 0.0020 0.0014 0.1714
512 8 l 128 8 c 1024 8 l 1.4539 0.0006 0.0061 0.1320
512 8 c 128 8 c 1024 8 l 1.4392 0.0020 0.0061 0.1034
512 8 l 128 8 l 1024 8 c 1.4563 0.0006 0.0014 0.7372
512 8 c 128 8 l 1024 8 c 1.3935 0.0020 0.0014 0.7070
512 8 l 128 8 c 1024 8 c 1.4413 0.0006 0.0061 0.3014
512 8 c 128 8 c 1024 8 c 1.3794 0.0020 0.0061 0.3993
512 2 l 1024 2 l 1024 8 l 1.3642 0.0107 0.0007 0.0431
512 2 c 1024 2 l 1024 8 l 1.3649 0.0106 0.0007 0.0433
512 2 l 1024 2 c 1024 8 l 1.3642 0.0107 0.0007 0.0431
512 2 c 1024 2 c 1024 8 l 1.3649 0.0106 0.0007 0.0434
512 2 l 1024 2 l 1024 8 c 1.2217 0.0107 0.0007 0.3245
512 2 c 1024 2 l 1024 8 c 1.2253 0.0106 0.0007 0.3193
512 2 l 1024 2 c 1024 8 c 1.2216 0.0107 0.0007 0.3247
512 2 c 1024 2 c 1024 8 c 1.2252 0.0106 0.0007 0.3194
256 4 l 1024 2 l 1024 8 l 1.4060 0.0065 0.0007 0.0685
256 4 c 1024 2 l 1024 8 l 1.2118 0.0271 0.0007 0.0175
256 4 l 1024 2 c 1024 8 l 1.4060 0.0065 0.0007 0.0686
256 4 c 1024 2 c 1024 8 l 1.2118 0.0271 0.0007 0.0175
256 4 l 1024 2 l 1024 8 c 1.3310 0.0065 0.0007 0.3068
256 4 c 1024 2 l 1024 8 c 1.1500 0.0271 0.0007 0.0822
256 4 l 1024 2 c 1024 8 c 1.3309 0.0065 0.0007 0.3067
256 4 c 1024 2 c 1024 8 c 1.1500 0.0271 0.0007 0.0823
128 8 l 1024 2 l 1024 8 l 1.4160 0.0054 0.0007 0.0813
128 8 c 1024 2 l 1024 8 l 1.2455 0.0229 0.0007 0.0207
128 8 l 1024 2 c 1024 8 l 1.4160 0.0054 0.0007 0.0813
128 8 c 1024 2 c 1024 8 l 1.2455 0.0229 0.0007 0.0207
128 8 l 1024 2 l 1024 8 c 1.3491 0.0054 0.0007 0.3353
128 8 c 1024 2 l 1024 8 c 1.1986 0.0229 0.0007 0.0793
128 8 l 1024 2 c 1024 8 c 1.3491 0.0054 0.0007 0.3352
128 8 c 1024 2 c 1024 8 c 1.1986 0.0229 0.0007 0.0793
1024 2 l 1024 2 l 1024 8 l 1.4327 0.0039 0.0007 0.1066
1024 2 c 1024 2 l 1024 8 l 1.4329 0.0039 0.0007 0.1068
1024 2 l 1024 2 c 1024 8 l 1.4327 0.0039 0.0007 0.1066
1024 2 c 1024 2 c 1024 8 l 1.4329 0.0039 0.0007 0.1068
1024 2 l 1024 2 l 1024 8 c 1.2471 0.0039 0.0007 0.9677
1024 2 c 1024 2 l 1024 8 c 1.2482 0.0039 0.0007 0.9676
1024 2 l 1024 2 c 1024 8 c 1.2470 0.0039 0.0007 0.9680
1024 2 c 1024 2 c 1024 8 c 1.2482 0.0039 0.0007 0.9680
512 4 l 1024 2 l 1024 8 l 1.4549 0.0019 0.0007 0.1908
512 4 c 1024 2 l 1024 8 l 1.3649 0.0106 0.0007 0.0433
512 4 l 1024 2 c 1024 8 l 1.4550 0.0019 0.0007 0.1907
512 4 c 1024 2 c 1024 8 l 1.3649 0.0106 0.0007 0.0434
512 4 l 1024 2 l 1024 8 c 1.3893 0.0019 0.0007 0.7999
512 4 c 1024 2 l 1024 8 c 1.2253 0.0106 0.0007 0.3193
512 4 l 1024 2 c 1024 8 c 1.3893 0.0019 0.0007 0.8006
512 4 c 1024 2 c 1024 8 c 1.2252 0.0106 0.0007 0.3194
256 8 l 1024 2 l 1024 8 l 1.4580 0.0016 0.0007 0.2130
256 8 c 1024 2 l 1024 8 l 1.4058 0.0066 0.0007 0.0678
256 8 l 1024 2 c 1024 8 l 1.4580 0.0016 0.0007 0.2130
256 8 c 1024 2 c 1024 8 l 1.4058 0.0066 0.0007 0.0678
256 8 l 1024 2 l 1024 8 c 1.4050 0.0016 0.0007 0.7944
256 8 c 1024 2 l 1024 8 c 1.3392 0.0066 0.0007 0.2811
256 8 l 1024 2 c 1024 8 c 1.4052 0.0016 0.0007 0.7937
256 8 c 1024 2 c 1024 8 c 1.3388 0.0066 0.0007 0.2819
2048 2 l 1024 2 l 1024 8 l 1.4632 0.0011 0.0007 0.2536
2048 2 c 1024 2 l 1024 8 l 1.4632 0.0011 0.0007 0.2541
2048 2 l 1024 2 c 1024 8 l 1.4632 0.0011 0.0007 0.2539
2048 2 c 1024 2 c 1024 8 l 1.4632 0.0011 0.0007 0.2543
2048 2 l 1024 2 l 1024 8 c 1.4179 0.0011 0.0007 0.9184
2048 2 c 1024 2 l 1024 8 c 1.4182 0.0011 0.0007 0.9183
2048 2 l 1024 2 c 1024 8 c 1.4179 0.0011 0.0007 0.9183
2048 2 c 1024 2 c 1024 8 c 1.4183 0.0011 0.0007 0.9182
1024 4 l 1024 2 l 1024 8 l 1.4670 0.0008 0.0007 0.3072
1024 4 c 1024 2 l 1024 8 l 1.4329 0.0039 0.0007 0.1068
1024 4 l 1024 2 c 1024 8 l 1.4670 0.0008 0.0007 0.3072
1024 4 c 1024 2 c 1024 8 l 1.4329 0.0039 0.0007 0.1068
1024 4 l 1024 2 l 1024 8 c 1.4418 0.0008 0.0007 0.8971
1024 4 c 1024 2 l 1024 8 c 1.2482 0.0039 0.0007 0.9676
1024 4 l 1024 2 c 1024 8 c 1.4418 0.0008 0.0007 0.8975
1024 4 c 1024 2 c 1024 8 c 1.2482 0.0039 0.0007 0.9680
512 8 l 1024 2 l 1024 8 l 1.4694 0.0006 0.0007 0.3333
512 8 c 1024 2 l 1024 8 l 1.4545 0.0020 0.0007 0.1872
512 8 l 1024 2 c 1024 8 l 1.4694 0.0006 0.0007 0.3337
512 8 c 1024 2 c 1024 8 l 1.4546 0.0020 0.0007 0.1872
512 8 l 1024 2 l 1024 8 c 1.4532 0.0006 0.0007 0.8843
512 8 c 1024 2 l 1024 8 c 1.3920 0.0020 0.0007 0.7589
512 8 l 1024 2 c 1024 8 c 1.4533 0.0006 0.0007 0.8844
512 8 c 1024 2 c 1024 8 c 1.3919 0.0020 0.0007 0.7597
512 2 l 512 4 l 1024 8 l 1.3650 0.0107 0.0005 0.0439
512 2 c 512 4 l 1024 8 l 1.3656 0.0106 0.0005 0.0441
512 2 l 512 4 c 1024 8 l 1.3587 0.0107 0.0032 0.0409
512 2 c 512 4 c 1024 8 l 1.3594 0.0106 0.0032 0.0411
512 2 l 512 4 l 1024 8 c 1.2253 0.0107 0.0005 0.3237
512 2 c 512 4 l 1024 8 c 1.2291 0.0106 0.0005 0.3179
512 2 l 512 4 c 1024 8 c 1.2112 0.0107 0.0032 0.3164
512 2 c 512 4 c 1024 8 c 1.2165 0.0106 0.0032 0.3087
256 4 l 512 4 l 1024 8 l 1.4068 0.0065 0.0005 0.0700
256 4 c 512 4 l 1024 8 l 1.2123 0.0271 0.0005 0.0177
256 4 l 512 4 c 1024 8 l 1.4000 0.0065 0.0032 0.0618
256 4 c 512 4 c 1024 8 l 1.2078 0.0271 0.0032 0.0175
256 4 l 512 4 l 1024 8 c 1.3358 0.0065 0.0005 0.3043
256 4 c 512 4 l 1024 8 c 1.1536 0.0271 0.0005 0.0807
256 4 l 512 4 c 1024 8 c 1.3215 0.0065 0.0032 0.2905
256 4 c 512 4 c 1024 8 c 1.1415 0.0271 0.0032 0.0881
128 8 l 512 4 l 1024 8 l 1.4169 0.0054 0.0005 0.0831
128 8 c 512 4 l 1024 8 l 1.2461 0.0229 0.0005 0.0210
128 8 l 512 4 c 1024 8 l 1.4099 0.0054 0.0032 0.0716
128 8 c 512 4 c 1024 8 l 1.2411 0.0229 0.0032 0.0205
128 8 l 512 4 l 1024 8 c 1.3540 0.0054 0.0005 0.3329
128 8 c 512 4 l 1024 8 c 1.2026 0.0229 0.0005 0.0775
128 8 l 512 4 c 1024 8 c 1.3392 0.0054 0.0032 0.3123
128 8 c 512 4 c 1024 8 c 1.1890 0.0229 0.0032 0.0865
1024 2 l 512 4 l 1024 8 l 1.4336 0.0039 0.0005 0.1094
1024 2 c 512 4 l 1024 8 l 1.4338 0.0039 0.0005 0.1097
1024 2 l 512 4 c 1024 8 l 1.4264 0.0039 0.0032 0.0899
1024 2 c 512 4 c 1024 8 l 1.4265 0.0039 0.0032 0.0900
1024 2 l 512 4 l 1024 8 c 1.2514 0.0039 0.0005 0.9763
1024 2 c 512 4 l 1024 8 c 1.2526 0.0039 0.0005 0.9763
1024 2 l 512 4 c 1024 8 c 1.2454 0.0039 0.0032 0.7792
1024 2 c 512 4 c 1024 8 c 1.2465 0.0039 0.0032 0.7788
512 4 l 512 4 l 1024 8 l 1.4559 0.0019 0.0005 0.1987
512 4 c 512 4 l 1024 8 l 1.3656 0.0106 0.0005 0.0441
512 4 l 512 4 c 1024 8 l 1.4484 0.0019 0.0032 0.1399
512 4 c 512 4 c 1024 8 l 1.3594 0.0106 0.0032 0.0411
512 4 l 512 4 l 1024 8 c 1.3946 0.0019 0.0005 0.8125
512 4 c 512 4 l 1024 8 c 1.2291 0.0106 0.0005 0.3179
512 4 l 512 4 c 1024 8 c 1.3827 0.0019 0.0032 0.5821
512 4 c 512 4 c 1024 8 c 1.2165 0.0106 0.0032 0.3087
256 8 l 512 4 l 1024 8 l 1.4589 0.0016 0.0005 0.2236
256 8 c 512 4 l 1024 8 l 1.4066 0.0066 0.0005 0.0692
256 8 l 512 4 c 1024 8 l 1.4514 0.0016 0.0032 0.1508
256 8 c 512 4 c 1024 8 l 1.3998 0.0066 0.0032 0.0612
256 8 l 512 4 l 1024 8 c 1.4106 0.0016 0.0005 0.8076
256 8 c 512 4 l 1024 8 c 1.3441 0.0066 0.0005 0.2782
256 8 l 512 4 c 1024 8 c 1.3982 0.0016 0.0032 0.5610
256 8 c 512 4 c 1024 8 c 1.3289 0.0066 0.0032 0.2701
2048 2 l 512 4 l 1024 8 l 1.4639 0.0011 0.0005 0.2697
2048 2 c 512 4 l 1024 8 l 1.4639 0.0011 0.0005 0.2702
2048 2 l 512 4 c 1024 8 l 1.4565 0.0011 0.0032 0.1682
2048 2 c 512 4 c 1024 8 l 1.4565 0.0011 0.0032 0.1686
2048 2 l 512 4 l 1024 8 c 1.4236 0.0011 0.0005 0.9392
2048 2 c 512 4 l 1024 8 c 1.4240 0.0011 0.0005 0.9391
2048 2 l 512 4 c 1024 8 c 1.4124 0.0011 0.0032 0.5907
2048 2 c 512 4 c 1024 8 c 1.4128 0.0011 0.0032 0.5899
1024 4 l 512 4 l 1024 8 l 1.4679 0.0008 0.0005 0.3285
1024 4 c 512 4 l 1024 8 l 1.4338 0.0039 0.0005 0.1097
1024 4 l 512 4 c 1024 8 l 1.4604 0.0008 0.0032 0.1901
1024 4 c 512 4 c 1024 8 l 1.4265 0.0039 0.0032 0.0900
1024 4 l 512 4 l 1024 8 c 1.4477 0.0008 0.0005 0.9224
1024 4 c 512 4 l 1024 8 c 1.2526 0.0039 0.0005 0.9763
1024 4 l 512 4 c 1024 8 c 1.4361 0.0008 0.0032 0.5370
1024 4 c 512 4 c 1024 8 c 1.2465 0.0039 0.0032 0.7788
512 8 l 512 4 l 1024 8 l 1.4702 0.0006 0.0005 0.3592
512 8 c 512 4 l 1024 8 l 1.4555 0.0020 0.0005 0.1948
512 8 l 512 4 c 1024 8 l 1.4630 0.0006 0.0032 0.1958
512 8 c 512 4 c 1024 8 l 1.4479 0.0020 0.0032 0.1381
512 8 l 512 4 l 1024 8 c 1.4593 0.0006 0.0005 0.9114
512 8 c 512 4 l 1024 8 c 1.3973 0.0020 0.0005 0.7702
512 8 l 512 4 c 1024 8 c 1.4471 0.0006 0.0032 0.5091
512 8 c 512 4 c 1024 8 c 1.3852 0.0020 0.0032 0.5580
512 2 l 256 8 l 1024 8 l 1.3652 0.0107 0.0005 0.0438
512 2 c 256 8 l 1024 8 l 1.3659 0.0106 0.0005 0.0440
512 2 l 256 8 c 1024 8 l 1.3613 0.0107 0.0020 0.0423
512 2 c 256 8 c 1024 8 l 1.3620 0.0106 0.0020 0.0425
512 2 l 256 8 l 1024 8 c 1.2179 0.0107 0.0005 0.3414
512 2 c 256 8 l 1024 8 c 1.2248 0.0106 0.0005 0.3300
512 2 l 256 8 c 1024 8 c 1.2138 0.0107 0.0020 0.3299
512 2 c 256 8 c 1024 8 c 1.2199 0.0106 0.0020 0.3204
256 4 l 256 8 l 1024 8 l 1.4071 0.0065 0.0005 0.0700
256 4 c 256 8 l 1024 8 l 1.2125 0.0271 0.0005 0.0177
256 4 l 256 8 c 1024 8 l 1.4028 0.0065 0.0020 0.0654
256 4 c 256 8 c 1024 8 l 1.2096 0.0271 0.0020 0.0177
256 4 l 256 8 l 1024 8 c 1.3378 0.0065 0.0005 0.3015
256 4 c 256 8 l 1024 8 c 1.1560 0.0271 0.0005 0.0790
256 4 l 256 8 c 1024 8 c 1.3249 0.0065 0.0020 0.3094
256 4 c 256 8 c 1024 8 c 1.1458 0.0271 0.0020 0.0877
128 8 l 256 8 l 1024 8 l 1.4172 0.0054 0.0005 0.0832
128 8 c 256 8 l 1024 8 l 1.2463 0.0229 0.0005 0.0209
128 8 l 256 8 c 1024 8 l 1.4128 0.0054 0.0020 0.0765
128 8 c 256 8 c 1024 8 l 1.2431 0.0229 0.0020 0.0208
128 8 l 256 8 l 1024 8 c 1.3559 0.0054 0.0005 0.3303
128 8 c 256 8 l 1024 8 c 1.2041 0.0229 0.0005 0.0765
128 8 l 256 8 c 1024 8 c 1.3428 0.0054 0.0020 0.3365
128 8 c 256 8 c 1024 8 c 1.1932 0.0229 0.0020 0.0865
1024 2 l 256 8 l 1024 8 l 1.4339 0.0039 0.0005 0.1097
1024 2 c 256 8 l 1024 8 l 1.4340 0.0039 0.0005 0.1099
1024 2 l 256 8 c 1024 8 l 1.4294 0.0039 0.0020 0.0975
1024 2 c 256 8 c 1024 8 l 1.4296 0.0039 0.0020 0.0977
1024 2 l 256 8 l 1024 8 c 1.2530 0.0039 0.0005 0.9785
1024 2 c 256 8 l 1024 8 c 1.2541 0.0039 0.0005 0.9785
1024 2 l 256 8 c 1024 8 c 1.2471 0.0039 0.0020 0.8594
1024 2 c 256 8 c 1024 8 c 1.2482 0.0039 0.0020 0.8588
512 4 l 256 8 l 1024 8 l 1.4563 0.0019 0.0005 0.1999
512 4 c 256 8 l 1024 8 l 1.3659 0.0106 0.0005 0.0440
512 4 l 256 8 c 1024 8 l 1.4515 0.0019 0.0020 0.1603
512 4 c 256 8 c 1024 8 l 1.3620 0.0106 0.0020 0.0425
512 4 l 256 8 l 1024 8 c 1.3963 0.0019 0.0005 0.8164
512 4 c 256 8 l 1024 8 c 1.2248 0.0106 0.0005 0.3300
512 4 l 256 8 c 1024 8 c 1.3864 0.0019 0.0020 0.6760
512 4 c 256 8 c 1024 8 c 1.2199 0.0106 0.0020 0.3204
256 8 l 256 8 l 1024 8 l 1.4592 0.0016 0.0005 0.2254
256 8 c 256 8 l 1024 8 l 1.4069 0.0066 0.0005 0.0692
256 8 l 256 8 c 1024 8 l 1.4546 0.0016 0.0020 0.1745
256 8 c 256 8 c 1024 8 l 1.4026 0.0066 0.0020 0.0648
256 8 l 256 8 l 1024 8 c 1.4122 0.0016 0.0005 0.8138
256 8 c 256 8 l 1024 8 c 1.3458 0.0066 0.0005 0.2762
256 8 l 256 8 c 1024 8 c 1.4023 0.0016 0.0020 0.6577
256 8 c 256 8 c 1024 8 c 1.3334 0.0066 0.0020 0.2850
2048 2 l 256 8 l 1024 8 l 1.4642 0.0011 0.0005 0.2733
2048 2 c 256 8 l 1024 8 l 1.4642 0.0011 0.0005 0.2738
2048 2 l 256 8 c 1024 8 l 1.4596 0.0011 0.0020 0.2011
2048 2 c 256 8 c 1024 8 l 1.4596 0.0011 0.0020 0.2014
2048 2 l 256 8 l 1024 8 c 1.4256 0.0011 0.0005 0.9447
2048 2 c 256 8 l 1024 8 c 1.4260 0.0011 0.0005 0.9446
2048 2 l 256 8 c 1024 8 c 1.4172 0.0011 0.0020 0.7028
2048 2 c 256 8 c 1024 8 c 1.4176 0.0011 0.0020 0.7024
1024 4 l 256 8 l 1024 8 l 1.4681 0.0008 0.0005 0.3349
1024 4 c 256 8 l 1024 8 l 1.4340 0.0039 0.0005 0.1099
1024 4 l 256 8 c 1024 8 l 1.4635 0.0008 0.0020 0.2315
1024 4 c 256 8 c 1024 8 l 1.4296 0.0039 0.0020 0.0977
1024 4 l 256 8 l 1024 8 c 1.4497 0.0008 0.0005 0.9309
1024 4 c 256 8 l 1024 8 c 1.2541 0.0039 0.0005 0.9785
1024 4 l 256 8 c 1024 8 c 1.4412 0.0008 0.0020 0.6514
1024 4 c 256 8 c 1024 8 c 1.2482 0.0039 0.0020 0.8588
512 8 l 256 8 l 1024 8 l 1.4704 0.0006 0.0005 0.3680
512 8 c 256 8 l 1024 8 l 1.4558 0.0020 0.0005 0.1961
512 8 l 256 8 c 1024 8 l 1.4660 0.0006 0.0020 0.2432
512 8 c 256 8 c 1024 8 l 1.4511 0.0020 0.0020 0.1576
512 8 l 256 8 l 1024 8 c 1.4614 0.0006 0.0005 0.9206
512 8 c 256 8 l 1024 8 c 1.3989 0.0020 0.0005 0.7736
512 8 l 256 8 c 1024 8 c 1.4526 0.0006 0.0020 0.6231
512 8 c 256 8 c 1024 8 c 1.3892 0.0020 0.0020 0.6439
512 2 l 2048 2 l 1024 8 l 1.3656 0.0107 0.0002 0.0409
512 2 c 2048 2 l 1024 8 l 1.3663 0.0106 0.0002 0.0411
512 2 l 2048 2 c 1024 8 l 1.3656 0.0107 0.0002 0.0408
512 2 c 2048 2 c 1024 8 l 1.3663 0.0106 0.0002 0.0411
512 2 l 2048 2 l 1024 8 c 1.2278 0.0107 0.0002 0.3152
512 2 c 2048 2 l 1024 8 c 1.2319 0.0106 0.0002 0.3089
512 2 l 2048 2 c 1024 8 c 1.2278 0.0107 0.0002 0.3152
512 2 c 2048 2 c 1024 8 c 1.2319 0.0106 0.0002 0.3090
256 4 l 2048 2 l 1024 8 l 1.4075 0.0065 0.0002 0.0656
256 4 c 2048 2 l 1024 8 l 1.2128 0.0271 0.0002 0.0164
256 4 l 2048 2 c 1024 8 l 1.4075 0.0065 0.0002 0.0656
256 4 c 2048 2 c 1024 8 l 1.2128 0.0271 0.0002 0.0164
256 4 l 2048 2 l 1024 8 c 1.3385 0.0065 0.0002 0.2912
256 4 c 2048 2 l 1024 8 c 1.1562 0.0271 0.0002 0.0761
256 4 l 2048 2 c 1024 8 c 1.3384 0.0065 0.0002 0.2913
256 4 c 2048 2 c 1024 8 c 1.1562 0.0271 0.0002 0.0761
128 8 l 2048 2 l 1024 8 l 1.4176 0.0054 0.0002 0.0783
128 8 c 2048 2 l 1024 8 l 1.2466 0.0229 0.0002 0.0194
128 8 l 2048 2 c 1024 8 l 1.4176 0.0054 0.0002 0.0782
128 8 c 2048 2 c 1024 8 l 1.2466 0.0229 0.0002 0.0194
128 8 l 2048 2 l 1024 8 c 1.3567 0.0054 0.0002 0.3180
128 8 c 2048 2 l 1024 8 c 1.2047 0.0229 0.0002 0.0727
128 8 l 2048 2 c 1024 8 c 1.3566 0.0054 0.0002 0.3184
128 8 c 2048 2 c 1024 8 c 1.2047 0.0229 0.0002 0.0726
1024 2 l 2048 2 l 1024 8 l 1.4344 0.0039 0.0002 0.1035
1024 2 c 2048 2 l 1024 8 l 1.4345 0.0039 0.0002 0.1038
1024 2 l 2048 2 c 1024 8 l 1.4344 0.0039 0.0002 0.1034
1024 2 c 2048 2 c 1024 8 l 1.4345 0.0039 0.0002 0.1037
1024 2 l 2048 2 l 1024 8 c 1.2525 0.0039 0.0002 0.9790
1024 2 c 2048 2 l 1024 8 c 1.2537 0.0039 0.0002 0.9790
1024 2 l 2048 2 c 1024 8 c 1.2525 0.0039 0.0002 0.9791
1024 2 c 2048 2 c 1024 8 c 1.2537 0.0039 0.0002 0.9791
512 4 l 2048 2 l 1024 8 l 1.4567 0.0019 0.0002 0.1913
512 4 c 2048 2 l 1024 8 l 1.3663 0.0106 0.0002 0.0411
512 4 l 2048 2 c 1024 8 l 1.4568 0.0019 0.0002 0.1910
512 4 c 2048 2 c 1024 8 l 1.3663 0.0106 0.0002 0.0411
512 4 l 2048 2 l 1024 8 c 1.3965 0.0019 0.0002 0.8053
512 4 c 2048 2 l 1024 8 c 1.2319 0.0106 0.0002 0.3089
512 4 l 2048 2 c 1024 8 c 1.3965 0.0019 0.0002 0.8055
512 4 c 2048 2 c 1024 8 c 1.2319 0.0106 0.0002 0.3090
256 8 l 2048 2 l 1024 8 l 1.4597 0.0016 0.0002 0.2165
256 8 c 2048 2 l 1024 8 l 1.4073 0.0066 0.0002 0.0649
256 8 l 2048 2 c 1024 8 l 1.4597 0.0016 0.0002 0.2163
256 8 c 2048 2 c 1024 8 l 1.4073 0.0066 0.0002 0.0648
256 8 l 2048 2 l 1024 8 c 1.4126 0.0016 0.0002 0.7981
256 8 c 2048 2 l 1024 8 c 1.3467 0.0066 0.0002 0.2652
256 8 l 2048 2 c 1024 8 c 1.4126 0.0016 0.0002 0.7982
256 8 c 2048 2 c 1024 8 c 1.3467 0.0066 0.0002 0.2652
2048 2 l 2048 2 l 1024 8 l 1.4645 0.0011 0.0002 0.2662
2048 2 c 2048 2 l 1024 8 l 1.4645 0.0011 0.0002 0.2666
2048 2 l 2048 2 c 1024 8 l 1.4645 0.0011 0.0002 0.2659
2048 2 c 2048 2 c 1024 8 l 1.4645 0.0011 0.0002 0.2664
2048 2 l 2048 2 l 1024 8 c 1.4250 0.0011 0.0002 0.9463
2048 2 c 2048 2 l 1024 8 c 1.4253 0.0011 0.0002 0.9462
2048 2 l 2048 2 c 1024 8 c 1.4250 0.0011 0.0002 0.9466
2048 2 c 2048 2 c 1024 8 c 1.4253 0.0011 0.0002 0.9465
1024 4 l 2048 2 l 1024 8 l 1.4685 0.0008 0.0002 0.3286
1024 4 c 2048 2 l 1024 8 l 1.4345 0.0039 0.0002 0.1038
1024 4 l 2048 2 c 1024 8 l 1.4685 0.0008 0.0002 0.3284
1024 4 c 2048 2 c 1024 8 l 1.4345 0.0039 0.0002 0.1037
1024 4 l 2048 2 l 1024 8 c 1.4491 0.0008 0.0002 0.9316
1024 4 c 2048 2 l 1024 8 c 1.2537 0.0039 0.0002 0.9790
1024 4 l 2048 2 c 1024 8 c 1.4491 0.0008 0.0002 0.9319
1024 4 c 2048 2 c 1024 8 c 1.2537 0.0039 0.0002 0.9791
512 8 l 2048 2 l 1024 8 l 1.4708 0.0006 0.0002 0.3641
512 8 c 2048 2 l 1024 8 l 1.4563 0.0020 0.0002 0.1876
512 8 l 2048 2 c 1024 8 l 1.4708 0.0006 0.0002 0.3640
512 8 c 2048 2 c 1024 8 l 1.4563 0.0020 0.0002 0.1875
512 8 l 2048 2 l 1024 8 c 1.4609 0.0006 0.0002 0.9194
512 8 c 2048 2 l 1024 8 c 1.3992 0.0020 0.0002 0.7619
512 8 l 2048 2 c 1024 8 c 1.4608 0.0006 0.0002 0.9200
512 8 c 2048 2 c 1024 8 c 1.3992 0.0020 0.0002 0.7619
512 2 l 1024 4 l 1024 8 l 1.3658 0.0107 0.0001 0.0404
512 2 c 1024 4 l 1024 8 l 1.3664 0.0106 0.0001 0.0406
512 2 l 1024 4 c 1024 8 l 1.3642 0.0107 0.0007 0.0431
512 2 c 1024 4 c 1024 8 l 1.3649 0.0106 0.0007 0.0434
512 2 l 1024 4 l 1024 8 c 1.2291 0.0107 0.0001 0.3134
512 2 c 1024 4 l 1024 8 c 1.2333 0.0106 0.0001 0.3069
512 2 l 1024 4 c 1024 8 c 1.2216 0.0107 0.0007 0.3247
512 2 c 1024 4 c 1024 8 c 1.2252 0.0106 0.0007 0.3194
256 4 l 1024 4 l 1024 8 l 1.4077 0.0065 0.0001 0.0650
256 4 c 1024 4 l 1024 8 l 1.2129 0.0271 0.0001 0.0162
256 4 l 1024 4 c 1024 8 l 1.4060 0.0065 0.0007 0.0686
256 4 c 1024 4 c 1024 8 l 1.2118 0.0271 0.0007 0.0175
256 4 l 1024 4 l 1024 8 c 1.3403 0.0065 0.0001 0.2872
256 4 c 1024 4 l 1024 8 c 1.1566 0.0271 0.0001 0.0754
256 4 l 1024 4 c 1024 8 c 1.3309 0.0065 0.0007 0.3067
256 4 c 1024 4 c 1024 8 c 1.1500 0.0271 0.0007 0.0823
128 8 l 1024 4 l 1024 8 l 1.4178 0.0054 0.0001 0.0776
128 8 c 1024 4 l 1024 8 l 1.2467 0.0229 0.0001 0.0192
128 8 l 1024 4 c 1024 8 l 1.4160 0.0054 0.0007 0.0813
128 8 c 1024 4 c 1024 8 l 1.2455 0.0229 0.0007 0.0207
128 8 l 1024 4 l 1024 8 c 1.3584 0.0054 0.0001 0.3142
128 8 c 1024 4 l 1024 8 c 1.2060 0.0229 0.0001 0.0711
128 8 l 1024 4 c 1024 8 c 1.3491 0.0054 0.0007 0.3352
128 8 c 1024 4 c 1024 8 c 1.1986 0.0229 0.0007 0.0793
1024 2 l 1024 4 l 1024 8 l 1.4346 0.0039 0.0001 0.1029
1024 2 c 1024 4 l 1024 8 l 1.4347 0.0039 0.0001 0.1032
1024 2 l 1024 4 c 1024 8 l 1.4327 0.0039 0.0007 0.1066
1024 2 c 1024 4 c 1024 8 l 1.4329 0.0039 0.0007 0.1068
1024 2 l 1024 4 l 1024 8 c 1.2539 0.0039 0.0001 0.9822
1024 2 c 1024 4 l 1024 8 c 1.2550 0.0039 0.0001 0.9822
1024 2 l 1024 4 c 1024 8 c 1.2470 0.0039 0.0007 0.9680
1024 2 c 1024 4 c 1024 8 c 1.2482 0.0039 0.0007 0.9680
512 4 l 1024 4 l 1024 8 l 1.4570 0.0019 0.0001 0.1918
512 4 c 1024 4 l 1024 8 l 1.3664 0.0106 0.0001 0.0406
512 4 l 1024 4 c 1024 8 l 1.4550 0.0019 0.0007 0.1907
512 4 c 1024 4 c 1024 8 l 1.3649 0.0106 0.0007 0.0434
512 4 l 1024 4 l 1024 8 c 1.3982 0.0019 0.0001 0.8074
512 4 c 1024 4 l 1024 8 c 1.2333 0.0106 0.0001 0.3069
512 4 l 1024 4 c 1024 8 c 1.3893 0.0019 0.0007 0.8006
512 4 c 1024 4 c 1024 8 c 1.2252 0.0106 0.0007 0.3194
256 8 l 1024 4 l 1024 8 l 1.4599 0.0016 0.0001 0.2179
256 8 c 1024 4 l 1024 8 l 1.4075 0.0066 0.0001 0.0643
256 8 l 1024 4 c 1024 8 l 1.4580 0.0016 0.0007 0.2130
256 8 c 1024 4 c 1024 8 l 1.4058 0.0066 0.0007 0.0678
256 8 l 1024 4 l 1024 8 c 1.4143 0.0016 0.0001 0.8003
256 8 c 1024 4 l 1024 8 c 1.3484 0.0066 0.0001 0.2616
256 8 l 1024 4 c 1024 8 c 1.4052 0.0016 0.0007 0.7937
256 8 c 1024 4 c 1024 8 c 1.3388 0.0066 0.0007 0.2819
2048 2 l 1024 4 l 1024 8 l 1.4648 0.0011 0.0001 0.2689
2048 2 c 1024 4 l 1024 8 l 1.4648 0.0011 0.0001 0.2695
2048 2 l 1024 4 c 1024 8 l 1.4632 0.0011 0.0007 0.2539
2048 2 c 1024 4 c 1024 8 l 1.4632 0.0011 0.0007 0.2543
2048 2 l 1024 4 l 1024 8 c 1.4268 0.0011 0.0001 0.9538
2048 2 c 1024 4 l 1024 8 c 1.4271 0.0011 0.0001 0.9537
2048 2 l 1024 4 c 1024 8 c 1.4179 0.0011 0.0007 0.9183
2048 2 c 1024 4 c 1024 8 c 1.4183 0.0011 0.0007 0.9182
1024 4 l 1024 4 l 1024 8 l 1.4688 0.0008 0.0001 0.3347
1024 4 c 1024 4 l 1024 8 l 1.4347 0.0039 0.0001 0.1032
1024 4 l 1024 4 c 1024 8 l 1.4670 0.0008 0.0007 0.3072
1024 4 c 1024 4 c 1024 8 l 1.4329 0.0039 0.0007 0.1068
1024 4 l 1024 4 l 1024 8 c 1.4509 0.0008 0.0001 0.9422
1024 4 c 1024 4 l 1024 8 c 1.2550 0.0039 0.0001 0.9822
1024 4 l 1024 4 c 1024 8 c 1.4418 0.0008 0.0007 0.8975
1024 4 c 1024 4 c 1024 8 c 1.2482 0.0039 0.0007 0.9680
512 8 l 1024 4 l 1024 8 l 1.4710 0.0006 0.0001 0.3730
512 8 c 1024 4 l 1024 8 l 1.4566 0.0020 0.0001 0.1881
512 8 l 1024 4 c 1024 8 l 1.4694 0.0006 0.0007 0.3337
512 8 c 1024 4 c 1024 8 l 1.4546 0.0020 0.0007 0.1872
512 8 l 1024 4 l 1024 8 c 1.4626 0.0006 0.0001 0.9314
512 8 c 1024 4 l 1024 8 c 1.4008 0.0020 0.0001 0.7629
512 8 l 1024 4 c 1024 8 c 1.4533 0.0006 0.0007 0.8844
512 8 c 1024 4 c 1024 8 c 1.3919 0.0020 0.0007 0.7597
512 2 l 512 8 l 1024 8 l 1.3659 0.0107 0.0000 0.0398
512 2 c 512 8 l 1024 8 l 1.3666 0.0106 0.0000 0.0400
512 2 l 512 8 c 1024 8 l 1.3647 0.0107 0.0006 0.0437
512 2 c 512 8 c 1024 8 l 1.3654 0.0106 0.0006 0.0439
512 2 l 512 8 l 1024 8 c 1.2295 0.0107 0.0000 0.3130
512 2 c 512 8 l 1024 8 c 1.2337 0.0106 0.0000 0.3064
512 2 l 512 8 c 1024 8 c 1.2243 0.0107 0.0006 0.3249
512 2 c 512 8 c 1024 8 c 1.2281 0.0106 0.0006 0.3194
256 4 l 512 8 l 1024 8 l 1.4078 0.0065 0.0000 0.0641
256 4 c 512 8 l 1024 8 l 1.2130 0.0271 0.0000 0.0160
256 4 l 512 8 c 1024 8 l 1.4065 0.0065 0.0006 0.0696
256 4 c 512 8 c 1024 8 l 1.2122 0.0271 0.0006 0.0177
256 4 l 512 8 l 1024 8 c 1.3408 0.0065 0.0000 0.2863
256 4 c 512 8 l 1024 8 c 1.1579 0.0271 0.0000 0.0744
256 4 l 512 8 c 1024 8 c 1.3346 0.0065 0.0006 0.3060
256 4 c 512 8 c 1024 8 c 1.1524 0.0271 0.0006 0.0818
128 8 l 512 8 l 1024 8 l 1.4179 0.0054 0.0000 0.0765
128 8 c 512 8 l 1024 8 l 1.2468 0.0229 0.0000 0.0189
128 8 l 512 8 c 1024 8 l 1.4166 0.0054 0.0006 0.0826
128 8 c 512 8 c 1024 8 l 1.2459 0.0229 0.0006 0.0209
128 8 l 512 8 l 1024 8 c 1.3590 0.0054 0.0000 0.3128
128 8 c 512 8 l 1024 8 c 1.2065 0.0229 0.0000 0.0707
128 8 l 512 8 c 1024 8 c 1.3529 0.0054 0.0006 0.3343
128 8 c 512 8 c 1024 8 c 1.2014 0.0229 0.0006 0.0787
1024 2 l 512 8 l 1024 8 l 1.4347 0.0039 0.0000 0.1016
1024 2 c 512 8 l 1024 8 l 1.4349 0.0039 0.0000 0.1018
1024 2 l 512 8 c 1024 8 l 1.4334 0.0039 0.0006 0.1085
1024 2 c 512 8 c 1024 8 l 1.4335 0.0039 0.0006 0.1087
1024 2 l 512 8 l 1024 8 c 1.2544 0.0039 0.0000 0.9822
1024 2 c 512 8 l 1024 8 c 1.2555 0.0039 0.0000 0.9821
1024 2 l 512 8 c 1024 8 c 1.2507 0.0039 0.0006 0.9709
1024 2 c 512 8 c 1024 8 c 1.2518 0.0039 0.0006 0.9708
512 4 l 512 8 l 1024 8 l 1.4572 0.0019 0.0000 0.1896
512 4 c 512 8 l 1024 8 l 1.3666 0.0106 0.0000 0.0400
512 4 l 512 8 c 1024 8 l 1.4557 0.0019 0.0006 0.1954
512 4 c 512 8 c 1024 8 l 1.3654 0.0106 0.0006 0.0439
512 4 l 512 8 l 1024 8 c 1.3988 0.0019 0.0000 0.8071
512 4 c 512 8 l 1024 8 c 1.2337 0.0106 0.0000 0.3064
512 4 l 512 8 c 1024 8 c 1.3934 0.0019 0.0006 0.8079
512 4 c 512 8 c 1024 8 c 1.2281 0.0106 0.0006 0.3194
256 8 l 512 8 l 1024 8 l 1.4601 0.0016 0.0000 0.2154
256 8 c 512 8 l 1024 8 l 1.4077 0.0066 0.0000 0.0633
256 8 l 512 8 c 1024 8 l 1.4586 0.0016 0.0006 0.2196
256 8 c 512 8 c 1024 8 l 1.4064 0.0066 0.0006 0.0688
256 8 l 512 8 l 1024 8 c 1.4150 0.0016 0.0000 0.7992
256 8 c 512 8 l 1024 8 c 1.3489 0.0066 0.0000 0.2606
256 8 l 512 8 c 1024 8 c 1.4092 0.0016 0.0006 0.8032
256 8 c 512 8 c 1024 8 c 1.3429 0.0066 0.0006 0.2802
2048 2 l 512 8 l 1024 8 l 1.4649 0.0011 0.0000 0.2672
2048 2 c 512 8 l 1024 8 l 1.4650 0.0011 0.0000 0.2677
2048 2 l 512 8 c 1024 8 l 1.4636 0.0011 0.0006 0.2639
2048 2 c 512 8 c 1024 8 l 1.4636 0.0011 0.0006 0.2643
2048 2 l 512 8 l 1024 8 c 1.4274 0.0011 0.0000 0.9535
2048 2 c 512 8 l 1024 8 c 1.4278 0.0011 0.0000 0.9534
2048 2 l 512 8 c 1024 8 c 1.4227 0.0011 0.0006 0.9248
2048 2 c 512 8 c 1024 8 c 1.4231 0.0011 0.0006 0.9247
1024 4 l 512 8 l 1024 8 l 1.4689 0.0008 0.0000 0.3327
1024 4 c 512 8 l 1024 8 l 1.4349 0.0039 0.0000 0.1018
1024 4 l 512 8 c 1024 8 l 1.4676 0.0008 0.0006 0.3202
1024 4 c 512 8 c 1024 8 l 1.4335 0.0039 0.0006 0.1087
1024 4 l 512 8 l 1024 8 c 1.4516 0.0008 0.0000 0.9420
1024 4 c 512 8 l 1024 8 c 1.2555 0.0039 0.0000 0.9821
1024 4 l 512 8 c 1024 8 c 1.4468 0.0008 0.0006 0.9061
1024 4 c 512 8 c 1024 8 c 1.2518 0.0039 0.0006 0.9708
512 8 l 512 8 l 1024 8 l 1.4711 0.0006 0.0000 0.3718
512 8 c 512 8 l 1024 8 l 1.4567 0.0020 0.0000 0.1858
512 8 l 512 8 c 1024 8 l 1.4699 0.0006 0.0006 0.3500
512 8 c 512 8 c 1024 8 l 1.4553 0.0020 0.0006 0.1916
512 8 l 512 8 l 1024 8 c 1.4633 0.0006 0.0000 0.9312
512 8 c 512 8 l 1024 8 c 1.4015 0.0020 0.0000 0.7621
512 8 l 512 8 c 1024 8 c 1.4582 0.0006 0.0006 0.8937
512 8 c 512 8 c 1024 8 c 1.3962 0.0020 0.0006 0.7663
